% wetcase
data = [   2.500000       10.00000      0.0000000E+00  0.0000000E+00
   5.000000       10.00000      0.0000000E+00  0.0000000E+00
   7.500000       10.00000      0.0000000E+00  0.0000000E+00
   10.00000       10.00000      0.0000000E+00  0.0000000E+00
   12.50000       10.00000      0.0000000E+00  0.0000000E+00
   15.00000       10.00000      0.0000000E+00  0.0000000E+00
   17.50000       10.00000      0.0000000E+00  0.0000000E+00
   20.00000       10.00000      0.0000000E+00  0.0000000E+00
   22.50000       10.00000      0.0000000E+00  0.0000000E+00
   25.00000       10.00000      0.0000000E+00  0.0000000E+00
   27.50000       10.00000      0.0000000E+00  0.0000000E+00
   30.00000       10.00000      0.0000000E+00  0.0000000E+00
   32.50000       10.00000      0.0000000E+00  0.0000000E+00
   35.00000       10.00000      0.0000000E+00  0.0000000E+00
   37.50000       10.00000      0.0000000E+00  0.0000000E+00
   40.00000       10.00000      0.0000000E+00  0.0000000E+00
   42.50000       10.00000      0.0000000E+00  0.0000000E+00
   45.00000       10.00000      0.0000000E+00  0.0000000E+00
   47.50000       10.00000      0.0000000E+00  0.0000000E+00
   50.00000       10.00000      0.0000000E+00  0.0000000E+00
   52.50000       10.00000      0.0000000E+00  0.0000000E+00
   55.00000       10.00000      0.0000000E+00  0.0000000E+00
   57.50000       10.00000      0.0000000E+00  0.0000000E+00
   60.00000       10.00000      0.0000000E+00  0.0000000E+00
   62.50000       10.00000      0.0000000E+00  0.0000000E+00
   65.00000       10.00000      0.0000000E+00  0.0000000E+00
   67.50000       10.00000      0.0000000E+00  0.0000000E+00
   70.00000       10.00000      0.0000000E+00  0.0000000E+00
   72.50000       10.00000      0.0000000E+00  0.0000000E+00
   75.00000       10.00000      0.0000000E+00  0.0000000E+00
   77.50000       10.00000      0.0000000E+00  0.0000000E+00
   80.00000       10.00000      0.0000000E+00  0.0000000E+00
   82.50000       10.00000      0.0000000E+00  0.0000000E+00
   85.00000       10.00000      0.0000000E+00  0.0000000E+00
   87.50000       10.00000      0.0000000E+00  0.0000000E+00
   90.00000       10.00000      0.0000000E+00  0.0000000E+00
   92.50000       10.00000      0.0000000E+00  0.0000000E+00
   95.00000       10.00000      0.0000000E+00  0.0000000E+00
   97.50000       10.00000      0.0000000E+00  0.0000000E+00
   100.0000       10.00000      0.0000000E+00  0.0000000E+00
   102.5000       10.00000      0.0000000E+00  0.0000000E+00
   105.0000       10.00000      0.0000000E+00  0.0000000E+00
   107.5000       10.00000      0.0000000E+00  0.0000000E+00
   110.0000       10.00000      0.0000000E+00  0.0000000E+00
   112.5000       10.00000      0.0000000E+00  0.0000000E+00
   115.0000       10.00000      0.0000000E+00  0.0000000E+00
   117.5000       10.00000      0.0000000E+00  0.0000000E+00
   120.0000       10.00000      0.0000000E+00  0.0000000E+00
   122.5000       10.00000      0.0000000E+00  0.0000000E+00
   125.0000       10.00000      0.0000000E+00  0.0000000E+00
   127.5000       10.00000      0.0000000E+00  0.0000000E+00
   130.0000       10.00000      0.0000000E+00  0.0000000E+00
   132.5000       10.00000      0.0000000E+00  0.0000000E+00
   135.0000       10.00000      0.0000000E+00  0.0000000E+00
   137.5000       10.00000      0.0000000E+00  0.0000000E+00
   140.0000       10.00000      0.0000000E+00  0.0000000E+00
   142.5000       10.00000      0.0000000E+00  0.0000000E+00
   145.0000       10.00000      0.0000000E+00  0.0000000E+00
   147.5000       10.00000      0.0000000E+00  0.0000000E+00
   150.0000       10.00000      0.0000000E+00  0.0000000E+00
   152.5000       10.00000      0.0000000E+00  0.0000000E+00
   155.0000       10.00000      0.0000000E+00  0.0000000E+00
   157.5000       10.00000      0.0000000E+00  0.0000000E+00
   160.0000       10.00000      0.0000000E+00  0.0000000E+00
   162.5000       10.00000      0.0000000E+00  0.0000000E+00
   165.0000       10.00000      0.0000000E+00  0.0000000E+00
   167.5000       10.00000      0.0000000E+00  0.0000000E+00
   170.0000       10.00000      0.0000000E+00  0.0000000E+00
   172.5000       10.00000      0.0000000E+00  0.0000000E+00
   175.0000       10.00000      0.0000000E+00  0.0000000E+00
   177.5000       10.00000      0.0000000E+00  0.0000000E+00
   180.0000       10.00000      0.0000000E+00  0.0000000E+00
   182.5000       10.00000      0.0000000E+00  0.0000000E+00
   185.0000       10.00000      0.0000000E+00  0.0000000E+00
   187.5000       10.00000      0.0000000E+00  0.0000000E+00
   190.0000       10.00000      0.0000000E+00  0.0000000E+00
   192.5000       10.00000      0.0000000E+00  0.0000000E+00
   195.0000       10.00000      0.0000000E+00  0.0000000E+00
   197.5000       10.00000      0.0000000E+00  0.0000000E+00
   200.0000       10.00000      0.0000000E+00  0.0000000E+00
   202.5000       10.00000      0.0000000E+00  0.0000000E+00
   205.0000       10.00000      0.0000000E+00  0.0000000E+00
   207.5000       10.00000      0.0000000E+00  0.0000000E+00
   210.0000       10.00000      0.0000000E+00  0.0000000E+00
   212.5000       10.00000      0.0000000E+00  0.0000000E+00
   215.0000       10.00000      0.0000000E+00  0.0000000E+00
   217.5000       10.00000      0.0000000E+00  0.0000000E+00
   220.0000       10.00000      0.0000000E+00  0.0000000E+00
   222.5000       10.00000      0.0000000E+00  0.0000000E+00
   225.0000       10.00000      0.0000000E+00  0.0000000E+00
   227.5000       10.00000      0.0000000E+00  0.0000000E+00
   230.0000       10.00000      0.0000000E+00  0.0000000E+00
   232.5000       10.00000      0.0000000E+00  0.0000000E+00
   235.0000       10.00000      0.0000000E+00  0.0000000E+00
   237.5000       10.00000      0.0000000E+00  0.0000000E+00
   240.0000       10.00000      0.0000000E+00  0.0000000E+00
   242.5000       10.00000      0.0000000E+00  0.0000000E+00
   245.0000       10.00000      0.0000000E+00  0.0000000E+00
   247.5000       10.00000      0.0000000E+00  0.0000000E+00
   250.0000       10.00000      0.0000000E+00  0.0000000E+00
   252.5000       10.00000      0.0000000E+00  0.0000000E+00
   255.0000       10.00000      0.0000000E+00  0.0000000E+00
   257.5000       10.00000      0.0000000E+00  0.0000000E+00
   260.0000       10.00000      0.0000000E+00  0.0000000E+00
   262.5000       10.00000      0.0000000E+00  0.0000000E+00
   265.0000       10.00000      0.0000000E+00  0.0000000E+00
   267.5000       10.00000      0.0000000E+00  0.0000000E+00
   270.0000       10.00000      0.0000000E+00  0.0000000E+00
   272.5000       10.00000      0.0000000E+00  0.0000000E+00
   275.0000       10.00000      0.0000000E+00  0.0000000E+00
   277.5000       10.00000      0.0000000E+00  0.0000000E+00
   280.0000       10.00000      0.0000000E+00  0.0000000E+00
   282.5000       10.00000      0.0000000E+00  0.0000000E+00
   285.0000       10.00000      0.0000000E+00  0.0000000E+00
   287.5000       10.00000      0.0000000E+00  0.0000000E+00
   290.0000       10.00000      0.0000000E+00  0.0000000E+00
   292.5000       10.00000      0.0000000E+00  0.0000000E+00
   295.0000       10.00000      0.0000000E+00  0.0000000E+00
   297.5000       10.00000      0.0000000E+00  0.0000000E+00
   300.0000       10.00000      0.0000000E+00  0.0000000E+00
   302.5000       9.983509      1.6330717E-02  0.1630379    
   305.0000       9.899575      9.9664047E-02  0.9866318    
   307.5000       9.815999      0.1829974       1.796302    
   310.0000       9.732774      0.2663307       2.592136    
   312.5000       9.649903      0.3496640       3.374224    
   315.0000       9.567389      0.4329973       4.142654    
   317.5000       9.485228      0.5163307       4.897514    
   320.0000       9.403419      0.5996640       5.638893    
   322.5000       9.321968      0.6829973       6.366879    
   325.0000       9.240870      0.7663307       7.081562    
